0.0833333  0.166667   0          
0.166667   0.0833333  0          
0          0.0833333  0.0833333  
0          0.166667   0.916667   
0.166667   1          0.0833333  
0.0833333  1          0.166667   
1          0.166667   0.916667   
1          0.0833333  0.0833333  
0.0833333  0.166667   1          
0.166667   0.0833333  1          
0.166667   0          0.916667   
0.0833333  0          0.0833333  
0.0833333  0.916667   0          
0.833333   0.916667   0          
0.166667   0.583333   0          
0.916667   0.833333   0          
0.916667   0.0833333  0          
0.583333   0.416667   0          
0          0.0833333  0.833333   
0          0.833333   0.0833333  
0          0.166667   0.416667   
0          0.916667   0.916667   
0          0.916667   0.166667   
0          0.583333   0.833333   
0.916667   1          0.833333   
0.916667   1          0.0833333  
0.583333   1          0.416667   
0.0833333  1          0.916667   
0.833333   1          0.916667   
0.166667   1          0.583333   
1          0.916667   0.166667   
1          0.916667   0.916667   
1          0.583333   0.583333   
1          0.833333   0.0833333  
1          0.0833333  0.833333   
1          0.416667   0.166667   
0.833333   0.916667   1          
0.0833333  0.916667   1          
0.416667   0.583333   1          
0.916667   0.0833333  1          
0.916667   0.833333   1          
0.583333   0.166667   1          
0.916667   0          0.166667   
0.916667   0          0.916667   
0.583333   0          0.583333   
0.833333   0          0.0833333  
0.0833333  0          0.833333   
0.416667   0          0.166667   
0.0833333  0.416667   0          
0.333333   0.416667   0          
0.166667   0.333333   0          
0.416667   0.333333   0          
0.416667   0.0833333  0          
0.333333   0.166667   0          
0          0.0833333  0.333333   
0          0.333333   0.0833333  
0          0.166667   0.166667   
0          0.416667   0.916667   
0          0.416667   0.666667   
0          0.333333   0.833333   
0.416667   1          0.333333   
0.416667   1          0.0833333  
0.333333   1          0.166667   
0.0833333  1          0.416667   
0.333333   1          0.416667   
0.166667   1          0.333333   
1          0.416667   0.666667   
1          0.416667   0.916667   
1          0.333333   0.833333   
1          0.333333   0.0833333  
1          0.0833333  0.333333   
1          0.166667   0.166667   
0.333333   0.416667   1          
0.0833333  0.416667   1          
0.166667   0.333333   1          
0.416667   0.0833333  1          
0.416667   0.333333   1          
0.333333   0.166667   1          
0.416667   0          0.666667   
0.416667   0          0.916667   
0.333333   0          0.833333   
0.333333   0          0.0833333  
0.0833333  0          0.333333   
0.166667   0          0.166667   
0.333333   0.916667   0          
0.0833333  0.666667   0          
0.166667   0.833333   0          
0.583333   0.666667   0          
0.583333   0.916667   0          
0.666667   0.833333   0          
0.416667   0.833333   0          
0.416667   0.583333   0          
0.333333   0.666667   0          
0.916667   0.583333   0          
0.666667   0.583333   0          
0.833333   0.666667   0          
0.666667   0.0833333  0          
0.916667   0.333333   0          
0.833333   0.166667   0          
0.833333   0.416667   0          
0.583333   0.166667   0          
0.666667   0.333333   0          
0          0.333333   0.583333   
0          0.0833333  0.583333   
0          0.166667   0.666667   
0          0.583333   0.0833333  
0          0.583333   0.333333   
0          0.666667   0.166667   
0          0.416667   0.416667   
0          0.416667   0.166667   
0          0.333333   0.333333   
0          0.916667   0.666667   
0          0.666667   0.916667   
0          0.833333   0.833333   
0          0.666667   0.416667   
0          0.916667   0.416667   
0          0.833333   0.333333   
0          0.833333   0.583333   
0          0.583333   0.583333   
0          0.666667   0.666667   
0.916667   1          0.583333   
0.666667   1          0.583333   
0.833333   1          0.666667   
0.666667   1          0.0833333  
0.916667   1          0.333333   
0.833333   1          0.166667   
0.833333   1          0.416667   
0.583333   1          0.166667   
0.666667   1          0.333333   
0.333333   1          0.916667   
0.0833333  1          0.666667   
0.166667   1          0.833333   
0.583333   1          0.666667   
0.583333   1          0.916667   
0.666667   1          0.833333   
0.416667   1          0.833333   
0.416667   1          0.583333   
0.333333   1          0.666667   
1          0.916667   0.416667   
1          0.666667   0.416667   
1          0.833333   0.333333   
1          0.666667   0.916667   
1          0.916667   0.666667   
1          0.833333   0.833333   
1          0.833333   0.583333   
1          0.583333   0.833333   
1          0.666667   0.666667   
1          0.583333   0.333333   
1          0.583333   0.0833333  
1          0.666667   0.166667   
1          0.0833333  0.583333   
1          0.333333   0.583333   
1          0.166667   0.666667   
1          0.416667   0.416667   
1          0.166667   0.416667   
1          0.333333   0.333333   
0.583333   0.916667   1          
0.583333   0.666667   1          
0.666667   0.833333   1          
0.0833333  0.666667   1          
0.333333   0.916667   1          
0.166667   0.833333   1          
0.416667   0.833333   1          
0.166667   0.583333   1          
0.333333   0.666667   1          
0.916667   0.333333   1          
0.666667   0.0833333  1          
0.833333   0.166667   1          
0.666667   0.583333   1          
0.916667   0.583333   1          
0.833333   0.666667   1          
0.833333   0.416667   1          
0.583333   0.416667   1          
0.666667   0.333333   1          
0.916667   0          0.416667   
0.666667   0          0.416667   
0.833333   0          0.333333   
0.666667   0          0.916667   
0.916667   0          0.666667   
0.833333   0          0.833333   
0.833333   0          0.583333   
0.583333   0          0.833333   
0.666667   0          0.666667   
0.583333   0          0.333333   
0.583333   0          0.0833333  
0.666667   0          0.166667   
0.0833333  0          0.583333   
0.333333   0          0.583333   
0.166667   0          0.666667   
0.416667   0          0.416667   
0.166667   0          0.416667   
0.333333   0          0.333333   
